# Created on 2025-11-11 13:51:51.962239+01:00 (1762865511.962239 s)
# baldaquin version: 0.10.0+g299a25c
# Creator: Temperature Monitor
# Pin number, Time [s], Temperature [deg C]
0, 0.251, 34.70
1, 0.501, 34.82
0, 0.752, 34.02
1, 1.002, 33.46
0, 1.253, 33.35
1, 1.502, 32.79
0, 1.753, 33.01
1, 2.003, 32.46
0, 2.254, 32.68
1, 2.504, 32.01
0, 2.754, 32.01
1, 3.005, 31.79
0, 3.255, 31.46
1, 3.505, 31.57
0, 3.755, 31.24
1, 4.006, 31.46
0, 4.256, 31.14
1, 4.507, 31.14
0, 4.757, 30.92
1, 5.008, 30.92
0, 5.257, 30.81
1, 5.508, 30.81
0, 5.758, 30.59
1, 6.009, 30.70
0, 6.259, 30.37
1, 6.510, 30.48
0, 6.760, 30.26
1, 7.011, 30.37
0, 7.260, 30.05
1, 7.511, 30.26
0, 7.761, 29.94
1, 8.012, 30.05
0, 8.262, 29.72
1, 8.512, 29.83
0, 8.763, 29.51
1, 9.012, 29.72
0, 9.263, 29.40
1, 9.513, 29.61
0, 9.764, 29.18
1, 10.014, 29.40
0, 10.265, 29.08
1, 10.515, 29.29
0, 10.766, 28.86
1, 11.015, 29.08
0, 11.266, 28.76
1, 11.516, 28.97
0, 11.767, 28.65
1, 12.017, 28.86
0, 12.268, 28.43
1, 12.518, 28.65
0, 12.769, 28.33
1, 13.018, 28.43
0, 13.269, 28.11
1, 13.519, 28.33
0, 13.770, 28.01
1, 14.020, 28.11
0, 14.270, 27.90
1, 14.521, 28.01
0, 14.770, 27.79
1, 15.021, 27.90
0, 15.271, 27.58
1, 15.522, 27.79
0, 15.772, 27.48
1, 16.023, 27.69
0, 16.273, 27.37
1, 16.524, 27.58
0, 16.773, 27.26
1, 17.024, 27.48
0, 17.274, 27.16
1, 17.525, 27.37
0, 17.775, 27.05
1, 18.026, 27.26
0, 18.276, 26.95
1, 18.526, 27.16
0, 18.776, 26.84
1, 19.027, 27.16
0, 19.277, 26.74
1, 19.528, 27.05
0, 19.778, 26.63
1, 20.028, 26.95
0, 20.279, 26.52
1, 20.528, 26.84
0, 20.779, 26.42
1, 21.029, 26.74
0, 21.280, 26.42
1, 21.530, 26.63
0, 21.781, 26.31
1, 22.031, 26.63
0, 22.281, 26.21
1, 22.531, 26.52
0, 22.782, 26.10
1, 23.032, 26.42
0, 23.283, 26.00
1, 23.533, 26.42
0, 23.784, 25.89
1, 24.034, 26.31
0, 24.284, 25.89
1, 24.534, 26.21
0, 24.785, 25.79
1, 25.035, 26.10
0, 25.286, 25.68
1, 25.536, 26.00
0, 25.787, 25.68
1, 26.036, 26.00
0, 26.286, 25.58
1, 26.537, 25.79
0, 26.787, 25.47
1, 27.038, 25.79
0, 27.288, 25.47
1, 27.539, 25.79
0, 27.789, 25.37
1, 28.039, 25.68
0, 28.289, 25.26
1, 28.540, 25.58
0, 28.790, 25.26
1, 29.041, 25.58
0, 29.291, 25.16
1, 29.542, 25.58
0, 29.791, 25.05
1, 30.042, 25.47
0, 30.292, 25.05
1, 30.543, 25.37
0, 30.793, 24.95
1, 31.044, 25.37
0, 31.294, 24.95
1, 31.545, 25.26
0, 31.794, 24.84
1, 32.045, 25.26
0, 32.295, 24.84
1, 32.545, 25.16
0, 32.796, 24.74
1, 33.046, 25.05
0, 33.297, 24.74
1, 33.546, 25.05
0, 33.797, 24.63
1, 34.047, 24.84
0, 34.298, 24.63
1, 34.548, 24.84
0, 34.799, 24.53
1, 35.049, 24.84
0, 35.300, 24.43
1, 35.549, 24.74
0, 35.800, 24.43
1, 36.050, 24.74
0, 36.301, 24.32
1, 36.551, 24.63
0, 36.802, 24.32
1, 37.052, 24.63
0, 37.303, 24.32
1, 37.552, 24.53
0, 37.803, 24.22
1, 38.053, 24.43
0, 38.303, 24.22
1, 38.554, 24.43
0, 38.804, 24.11
1, 39.055, 24.43
0, 39.304, 24.11
1, 39.555, 24.32
0, 39.805, 24.01
1, 40.056, 24.32
0, 40.306, 24.01
1, 40.557, 24.22
0, 40.807, 24.01
1, 41.058, 24.22
0, 41.307, 23.90
1, 41.558, 24.22
0, 41.808, 23.90
1, 42.059, 24.11
0, 42.309, 23.90
1, 42.560, 24.11
0, 42.810, 23.80
1, 43.060, 24.01
0, 43.310, 23.80
1, 43.561, 24.01
0, 43.811, 23.70
1, 44.062, 23.90
0, 44.312, 23.70
1, 44.563, 23.90
0, 44.813, 23.59
1, 45.062, 23.80
0, 45.313, 23.59
1, 45.563, 23.70
0, 45.814, 23.59
1, 46.064, 23.70
0, 46.315, 23.59
1, 46.565, 23.70
0, 46.815, 23.49
1, 47.065, 23.59
0, 47.316, 23.38
1, 47.566, 23.59
0, 47.817, 23.38
1, 48.067, 23.49
0, 48.318, 23.38
1, 48.568, 23.49
0, 48.818, 23.49
1, 49.068, 23.49
0, 49.319, 23.38
1, 49.569, 23.38
0, 49.820, 23.28
1, 50.070, 23.38
0, 50.321, 23.28
1, 50.570, 23.38
0, 50.821, 23.28
1, 51.071, 23.38
0, 51.321, 23.28
1, 51.572, 23.28
0, 51.822, 23.18
1, 52.073, 23.28
0, 52.323, 23.18
1, 52.573, 23.28
0, 52.823, 23.18
1, 53.074, 23.28
0, 53.324, 23.07
1, 53.575, 23.18
0, 53.825, 23.07
1, 54.076, 23.18
0, 54.325, 23.07
1, 54.576, 23.07
0, 54.826, 23.07
1, 55.077, 23.07
0, 55.327, 22.97
1, 55.578, 22.97
0, 55.828, 22.97
1, 56.079, 22.97
0, 56.328, 22.97
1, 56.579, 22.97
0, 56.829, 22.86
1, 57.079, 22.97
0, 57.330, 22.86
1, 57.580, 22.86
0, 57.831, 22.86
1, 58.081, 22.86
0, 58.331, 22.76
1, 58.581, 22.86
0, 58.832, 22.86
1, 59.082, 22.76
0, 59.333, 22.86
1, 59.583, 22.76
0, 59.834, 22.76
1, 60.083, 22.76
0, 60.334, 22.76
1, 60.584, 22.66
0, 60.835, 22.76
1, 61.085, 22.66
0, 61.336, 22.76
1, 61.586, 22.66
0, 61.837, 22.76
1, 62.086, 22.55
0, 62.337, 22.66
1, 62.587, 22.55
0, 62.837, 22.66
1, 63.088, 22.55
0, 63.338, 22.66
1, 63.589, 22.55
0, 63.838, 22.55
1, 64.089, 22.55
0, 64.339, 22.66
1, 64.590, 22.55
0, 64.840, 22.55
1, 65.091, 22.45
0, 65.341, 22.55
1, 65.592, 22.45
0, 65.841, 22.55
1, 66.092, 22.45
0, 66.342, 22.55
1, 66.593, 22.45
0, 66.843, 22.55
1, 67.094, 22.35
0, 67.344, 22.55
1, 67.594, 22.35
0, 67.844, 22.45
1, 68.095, 22.35
0, 68.345, 22.45
1, 68.596, 22.35
0, 68.846, 22.45
1, 69.096, 22.35
0, 69.347, 22.45
1, 69.596, 22.35
0, 69.847, 22.45
1, 70.097, 22.35
0, 70.348, 22.45
1, 70.598, 22.24
0, 70.849, 22.45
1, 71.099, 22.24
0, 71.349, 22.35
1, 71.599, 22.24
0, 71.850, 22.35
1, 72.100, 22.24
0, 72.351, 22.35
1, 72.601, 22.14
0, 72.852, 22.35
1, 73.102, 22.14
0, 73.352, 22.35
1, 73.602, 22.14
0, 73.853, 22.35
1, 74.103, 22.14
0, 74.354, 22.35
1, 74.604, 22.14
0, 74.855, 22.35
1, 75.105, 22.14
0, 75.355, 22.35
1, 75.605, 22.14
0, 75.855, 22.24
1, 76.106, 22.03
0, 76.356, 22.24
1, 76.607, 22.03
0, 76.857, 22.24
1, 77.107, 22.03
0, 77.357, 22.24
1, 77.608, 22.03
0, 77.858, 22.24
1, 78.109, 22.03
0, 78.359, 22.24
1, 78.610, 22.03
0, 78.860, 22.24
1, 79.110, 22.03
0, 79.360, 22.14
1, 79.611, 22.03
0, 79.861, 22.14
1, 80.112, 21.93
0, 80.362, 22.14
1, 80.613, 21.93
0, 80.862, 22.14
1, 81.113, 21.93
0, 81.363, 22.14
1, 81.613, 21.83
0, 81.864, 22.14
1, 82.114, 21.93
0, 82.365, 22.14
1, 82.615, 21.83
0, 82.865, 22.14
1, 83.115, 21.83
0, 83.366, 22.14
1, 83.616, 21.83
0, 83.867, 22.03
1, 84.117, 21.83
0, 84.368, 22.03
1, 84.617, 21.83
0, 84.868, 22.03
1, 85.118, 21.72
0, 85.369, 22.03
1, 85.619, 21.72
0, 85.870, 22.03
1, 86.120, 21.62
0, 86.371, 22.03
1, 86.620, 21.72
0, 86.871, 22.03
1, 87.121, 21.72
0, 87.372, 22.03
1, 87.622, 21.72
0, 87.872, 22.03
1, 88.123, 21.62
0, 88.372, 22.03
1, 88.623, 21.62
0, 88.873, 22.03
1, 89.124, 21.62
0, 89.374, 22.03
1, 89.625, 21.62
0, 89.875, 21.93
1, 90.126, 21.62
0, 90.375, 21.93
1, 90.626, 21.52
0, 90.876, 21.93
1, 91.127, 21.62
0, 91.377, 22.03
1, 91.628, 21.62
0, 91.878, 21.93
1, 92.129, 21.52
0, 92.378, 21.93
1, 92.629, 21.52
0, 92.879, 21.93
1, 93.130, 21.52
0, 93.380, 21.93
1, 93.631, 21.52
0, 93.881, 21.93
1, 94.130, 21.52
0, 94.381, 21.93
1, 94.631, 21.52
0, 94.882, 21.93
1, 95.132, 21.52
0, 95.383, 21.83
1, 95.633, 21.52
0, 95.884, 21.93
1, 96.133, 21.41
0, 96.384, 21.93
1, 96.634, 21.52
0, 96.885, 21.83
1, 97.135, 21.41
0, 97.386, 21.83
1, 97.636, 21.41
0, 97.886, 21.83
1, 98.136, 21.41
0, 98.387, 21.83
1, 98.637, 21.41
0, 98.888, 21.83
1, 99.138, 21.41
0, 99.389, 21.83
1, 99.639, 21.41
0, 99.888, 21.83
1, 100.139, 21.41
0, 100.389, 21.83
1, 100.640, 21.41
0, 100.890, 21.83
1, 101.141, 21.31
0, 101.391, 21.83
1, 101.641, 21.31
0, 101.891, 21.83
1, 102.142, 21.31
0, 102.392, 21.83
1, 102.643, 21.31
0, 102.893, 21.83
1, 103.144, 21.31
0, 103.394, 21.83
1, 103.644, 21.31
0, 103.894, 21.83
1, 104.145, 21.31
0, 104.395, 21.83
1, 104.646, 21.31
0, 104.896, 21.83
1, 105.147, 21.31
0, 105.396, 21.83
1, 105.646, 21.31
0, 105.897, 21.83
1, 106.147, 21.31
0, 106.398, 21.72
1, 106.648, 21.21
0, 106.899, 21.72
1, 107.149, 21.21
0, 107.399, 21.83
1, 107.649, 21.21
0, 107.900, 21.72
1, 108.150, 21.21
0, 108.401, 21.72
1, 108.651, 21.21
0, 108.902, 21.72
1, 109.151, 21.21
0, 109.402, 21.72
1, 109.652, 21.21
0, 109.903, 21.72
1, 110.153, 21.21
0, 110.404, 21.72
1, 110.654, 21.21
0, 110.905, 21.72
1, 111.154, 21.21
0, 111.405, 21.72
1, 111.655, 21.10
0, 111.905, 21.72
1, 112.156, 21.21
0, 112.406, 21.72
1, 112.657, 21.10
0, 112.906, 21.72
1, 113.157, 21.10
0, 113.407, 21.72
1, 113.658, 21.10
0, 113.908, 21.72
1, 114.159, 21.10
0, 114.409, 21.72
1, 114.660, 21.10
0, 114.909, 21.72
1, 115.160, 21.10
0, 115.410, 21.72
1, 115.661, 21.10
0, 115.911, 21.72
1, 116.162, 21.21
0, 116.412, 21.72
1, 116.663, 21.21
0, 116.912, 21.62
1, 117.163, 21.10
0, 117.413, 21.72
1, 117.664, 21.10
0, 117.914, 21.72
1, 118.164, 21.10
0, 118.415, 21.72
1, 118.664, 21.10
0, 118.915, 21.72
1, 119.165, 21.10
0, 119.416, 21.62
1, 119.666, 21.10
0, 119.917, 21.62
1, 120.167, 21.10
0, 120.418, 21.62
1, 120.667, 21.10
0, 120.918, 21.62
1, 121.168, 21.10
0, 121.419, 21.62
1, 121.669, 21.10
0, 121.920, 21.72
1, 122.170, 21.10
0, 122.420, 21.62
1, 122.670, 21.00
0, 122.921, 21.62
1, 123.171, 21.00
0, 123.421, 21.62
1, 123.672, 21.10
0, 123.922, 21.62
1, 124.173, 21.00
0, 124.422, 21.62
1, 124.673, 21.00
0, 124.923, 21.62
1, 125.174, 21.00
0, 125.424, 21.62
1, 125.675, 21.00
0, 125.925, 21.62
1, 126.175, 21.00
0, 126.425, 21.62
1, 126.676, 21.00
0, 126.926, 21.62
1, 127.177, 21.00
0, 127.427, 21.62
1, 127.678, 21.00
0, 127.928, 21.62
1, 128.178, 21.00
0, 128.428, 21.62
1, 128.679, 21.00
0, 128.929, 21.62
1, 129.180, 21.00
0, 129.430, 21.62
1, 129.680, 21.00
0, 129.930, 21.62
1, 130.180, 21.00
0, 130.431, 21.62
1, 130.681, 21.00
0, 130.932, 21.62
1, 131.182, 21.00
0, 131.433, 21.62
1, 131.683, 21.00
0, 131.933, 21.62
1, 132.183, 21.00
0, 132.434, 21.62
1, 132.684, 21.00
0, 132.935, 21.62
1, 133.185, 21.00
0, 133.436, 21.62
1, 133.685, 21.00
0, 133.936, 21.62
1, 134.186, 21.00
0, 134.437, 21.62
1, 134.687, 21.00
0, 134.937, 21.62
1, 135.188, 21.00
0, 135.438, 21.62
1, 135.688, 21.00
0, 135.938, 21.62
1, 136.189, 20.90
0, 136.439, 21.62
1, 136.690, 21.00
0, 136.940, 21.62
1, 137.191, 21.00
0, 137.441, 21.62
1, 137.691, 21.00
0, 137.941, 21.62
1, 138.192, 21.00
0, 138.442, 21.62
1, 138.693, 21.00
0, 138.943, 21.62
1, 139.194, 21.00
0, 139.443, 21.62
1, 139.694, 21.00
0, 139.944, 21.62
1, 140.195, 21.00
0, 140.445, 21.62
1, 140.696, 21.00
0, 140.946, 21.62
1, 141.196, 21.00
0, 141.446, 21.62
1, 141.696, 21.00
0, 141.947, 21.62
1, 142.197, 21.00
0, 142.448, 21.62
1, 142.698, 21.00
0, 142.949, 21.52
1, 143.198, 20.90
0, 143.449, 21.52
1, 143.699, 20.90
0, 143.950, 21.62
1, 144.200, 21.00
0, 144.451, 21.62
1, 144.701, 21.00
0, 144.952, 21.52
1, 145.201, 21.00
0, 145.452, 21.52
1, 145.702, 21.00
0, 145.953, 21.52
1, 146.203, 21.00
0, 146.454, 21.52
1, 146.704, 21.00
0, 146.954, 21.52
1, 147.204, 21.00
0, 147.455, 21.52
1, 147.705, 21.00
0, 147.955, 21.52
1, 148.206, 21.00
0, 148.456, 21.52
1, 148.707, 21.00
0, 148.956, 21.52
1, 149.207, 21.00
0, 149.457, 21.52
1, 149.708, 21.00
0, 149.958, 21.52
1, 150.209, 21.00
0, 150.459, 21.52
1, 150.709, 21.00
0, 150.959, 21.52
1, 151.210, 21.00
